10
000001
0
9991999
000000000000
002
000000000000
0
0
040
016769419003
000000000000
02022
11
20221102
0639781514
22306034050007           
GKCCBEBB   
BE96778591530105                  
           
                                  
0
                                  
           
79
20
000002
0
0000000
00000000
00000000
930
0017010403148
1
3
0
000
016769419003
000000000000
0
0000
930
000000000000
00000000
00000
020220000199
0
0000110110
690                      
000000000000
1
000
000
                      
000000
000000000000000000000000000000000000000000000000
00000000
                      
000000000000
00000000
00000000
00000000
0000
0000
0000
36
50
000003
0
0101032
20221102
20221102
930
0017010403148
1
0
0
0
990
000000000000
016769419003
1
0000000
+00000001706
00000000
+0001
00
000000000000
0
+000000600
371160968                
00
+000000695
0
0
0
1
0000
000000000000
000000000000
            
000000000000
                              
0
+0000000
0
000000000000
000
000000
000000000000
00000000000
0
000000000000
00000000000000
00
20
80
000004
0000000
00000000
00000000
930
0017010403148
1
3
000
016769419003
+00000000000
0000
930
+00000001706
00000000
00000
020220000199
+000000600
690                      
+000000695
1
+00000000000
+00000000000
55
66
90
000005
000000000000
002
000000000000
016769419003
+00000000000
+00000001706
02022
11
0639781514
22306034050007           
GKCCBEBB   
BE96778591530105                  
           
                                  
                                  
           
+00000000000
55
60
