10
000001
9991999
009
040
016769419003
02021
06
20210701
0639781514
21182034050004           
GKCCBEBB   
BE96778591530105                  
20
000002
1
0000000
00000000
910
0072062724415
2
3
0
000
016769419003
000000000000
0
0000
910
00000000
020210000205
0000110110
688                      
000000000000
1
000
000
                      
000000
000000000000000000000000000000000000000000000000
00000000
 
000000
 
000000
 
000000
50
000003
0
0101032
20210630
20210630
910
0072062724415
2
0
990
000000000000
016769419003
4
0000000
+00000001844
00000000
+0001
00
000000000000
0
+000000400
514721710                
00
+000000000
2
0
0
1
016456049004
R
504940
 
000000
 
000000
000000000000
000000000000
0000000
000000000000
                                                                                                                                                                                                        
80
000004
910
0072062724415
2
3
000
016769419003
0000
910
+00000001844
00000000
020210000205
+000000400
688                      
+000000000
1
+00000000000
 
000000
 
000000
 
000000
000000000000
000000000000
0000000
000000000000
                                                                                                                                                                                                        
90
000005
000000000000
009
016769419003
+00000001844
02021
06
0639781514
21182034050004           
GKCCBEBB   
BE96778591530105                  
 
000000
 
000000
 
000000
